1022500084
1022500085
1022500086
1022500087
1022500088
1022500089
1022500090
1022500091
1022500092
1022500093
1022500094
1022500095
1022500096
1022500097
1022500098
1022500099
1022500100
1022500101
1022500102
1022500103
1022500104
1022500105
1022500106
1022500107
1022500108
1022500109
1022500110
1022500111
1022500112
1022500113
1022500114
1022500115
1022500116
1022500117
1022500118
1022500119
1022500120
1022500121
1022500122
1022500123
1022500124
1022500125
1022500126
1022500127
1022500128
1022500129
1022500130
1022500131
1022500132
1022500133
1022500134
1022500135
1022500136
1022500137
1022500138
1022500139
1022500140
1022500141
1022500142
1022500143
1022500144
1022500145
1022500146
1022500147
1022500148
1022500149
1022500150
1022500151
1022500152
1022500153
1022500154
1022500155
1022500156
1022500157
1022500159
1022500160
1022500158
1022500161
1022500162
1022500163
1022500164
1022500165
1022500166
1022500167
1022500168
1022500169
1022500170
1022500171
1022500172
1022500173
1022500174
1022500175
1022500176
1022500177
1022500178
1022500179
1022500180
1022500181
1022500182
1022500183
1022500184
1022500185
1022500186
1022500187
1022500188
1022500189
1022500190
1022500191
1022500192
1022500193
1022500194
1022500195
1022500196
1022500197
1022500198
1022500199
1022500200
1022500201
1022500202
1022500203
1022500204
1022500205
1022500206
1022500207
1022500208
1022500209
1022500210
1022500211
1022500212
1022500213
1022500214
1022500215
1022500216
1022500217
1022500218
1022500219
1022500220
1022500221
1022500222
1022500223
1022500224
1022500225
1022500226
1022500227
1022500228
1022500229
1022500230
1022500231
1022500232
1022500233
1022500234
1022500235
1022500236
1022500237
1022500238
1022500239
1022500240
1022500241
1022500242
1022500243
1022500244
1022500245
1022500246
1022500247
1022500248
1022500249
1022500250
1022500251
1022500252
1022500253
1022500254
1022500255
1022500256
1022500257
1022500258
1022500259
1022500260
1022500261
1022500262
1022500263
1022500264
1022500265
1022500266
1022500267
1022500268
1022500269
1022500270
1022500271
1022500272
1022500273
1022500274
1022500275
1022500276
1022500277
1022500278
1022500279
1022500280
1022500281
1022500282
1022500283
1022500284
1022500285
1022500286
1042500101
1042500111
1042500121
1042500131
1042500112
1042500122
1042500102
1042500132
1042500113
1042500123
1042500133
1042500201
1042500211
1042500202
1042500212
1042500203
1042500213
1042500204
1042500214
1042500215
1042500301
1042500302
1042500303
1042500304
